A 0.771804 0.890212 3.431793 2.834748 1.717379
A 0.773965 0.875973 3.370624 3.033562 1.893465
A 0.793948 0.831891 3.710277 3.036292 2.050498
A 0.790044 0.841445 3.642994 3.013871 2.022340
A 0.811353 0.829804 3.652632 3.048348 1.888179
K 0.759595 0.891844 3.573218 3.096113 1.603950
K 0.753414 0.846416 3.811920 3.100021 2.005517
K 0.775943 0.875037 3.796036 2.889098 1.697650
K 0.824856 0.905591 3.578711 3.035696 1.685866
K 0.803829 0.903632 3.641891 2.900387 1.681028
T 0.833816 0.931398 3.197987 3.261004 1.385942
T 0.837685 0.919443 3.258591 3.156434 1.396363
T 0.830341 0.928651 3.289394 3.152768 1.383736
T 0.837881 0.925537 3.274689 3.056589 1.374063
T 0.807335 0.912623 3.418500 3.181631 1.438505
M 0.905798 0.856053 3.373248 2.410806 1.515435
M 0.838623 0.953015 3.201118 2.805239 1.519249
M 0.873086 0.859428 3.459604 2.538508 1.568947
M 0.862037 0.887611 3.477907 2.536349 1.536217
M 0.908594 0.833437 3.481203 2.411360 1.574178
H 0.822821 0.944718 3.745670 2.810369 1.628429
H 0.828044 0.938354 3.551414 2.791508 1.500604
H 0.832988 0.925866 3.589608 2.787208 1.460400
H 0.828957 0.926090 3.545898 2.905748 1.655416
H 0.845351 0.933387 3.530596 2.839703 1.386722
W 0.889646 0.778261 3.265875 2.393727 1.505518
W 0.798001 0.865576 3.202087 2.970015 1.486559
W 0.783626 0.922313 3.407103 3.017398 1.664015
W 0.774292 0.899678 3.382481 3.084426 1.629415
W 0.792500 0.887859 3.344062 3.218557 1.380554