A 0.707350 3.534624 0.825798 0.801141 1.905061
A 0.692066 3.349774 0.906919 0.732685 1.982124
A 0.678189 3.311400 0.998123 0.699008 1.845044
A 0.658866 3.596109 0.907765 0.698921 1.881846
A 0.659163 3.551892 0.923548 0.720064 1.783294
A 0.661883 3.625302 0.932960 0.685599 1.889630
B 0.735853 3.107872 1.035907 0.810209 1.522108
B 0.685426 3.499655 0.970014 0.720382 1.946233
B 0.610445 3.489252 1.050707 0.718023 1.790738
B 0.524886 3.596057 1.058829 0.728016 1.654017
B 0.702619 3.671076 0.961749 0.687227 2.062736
B 0.717973 3.562058 0.999836 0.684835 1.994739
B 0.666739 3.586805 0.937216 0.758488 1.777925
B 0.700149 3.581968 0.897457 0.755149 2.012012
C 0.742410 3.255397 0.915709 0.865731 1.573077
C 0.718196 3.274638 0.929159 0.851044 1.496998
C 0.600688 3.455249 0.989895 0.789542 1.572435
C 0.755237 3.289160 0.917321 0.882163 1.515922
C 0.731102 2.517839 1.198766 0.845907 1.205526
C 0.752758 3.288625 0.942126 0.794739 1.738823
C 0.739570 3.743872 0.966677 0.764092 1.609500
C 0.677523 3.700995 0.986320 0.774463 1.520104
C 0.602435 3.724880 0.951016 0.837417 1.420521
K 0.654105 3.658540 0.875175 0.737938 1.976044
K 0.619005 3.848975 0.907662 0.636038 2.318903
K 0.657844 3.840382 0.826505 0.721083 2.229668
K 0.722436 3.693654 0.893654 0.718456 1.964462
K 0.707337 3.726613 0.854714 0.719665 2.046785
T 0.751281 3.251677 1.056463 0.707224 1.724692
T 0.749301 3.273836 1.016873 0.723452 1.747150
T 0.748896 3.339225 1.002000 0.709663 1.806159
T 0.771473 3.258623 0.983891 0.727171 1.790187
T 0.721765 3.404449 0.987128 0.715577 1.829491
M 0.758503 3.316943 0.778818 0.726954 1.966216
M 0.778036 3.264895 0.931622 0.754129 1.776451
M 0.757685 3.384770 0.806111 0.766379 1.838277
M 0.745178 3.532682 0.801878 0.781676 1.990086
M 0.780137 3.333566 0.751767 0.723140 1.951092
H 0.743769 3.875195 0.816648 0.790303 2.241375
H 0.747889 3.682606 0.857077 0.842572 1.949380
H 0.762729 3.609410 0.883996 0.886932 1.651664
H 0.750915 3.593891 0.918773 0.764122 1.988417
H 0.762975 3.628179 0.908898 0.888033 1.623852
W 0.718384 3.087798 0.759204 0.687701 2.068996
W 0.662506 3.258975 0.971825 0.718616 1.986159
W 0.686297 3.540704 0.928312 0.680053 2.342402
W 0.659901 3.482011 0.958078 0.792102 1.806836
W 0.681156 3.415961 0.993210 0.680491 2.079373